	WYK3299	WYK3300	WYK3301	WYK3302	WYK3305	WYK3307	WYK3308	WYK3311	WYK3313	WYK3314	WYK3320	WYK3325	WYK3329	WYK3331	WYK3333	WYK3336	WYK3338	WYK3339	WYK3340	WYK3341	WYK3343	WYK3346	WYK3347	WYK3349	WYK3350	WYK3352	WYK3354	WYK3355	WYK3356	WYK3357	WYK3359	WYK3360	WYK3361	WYK3362	WYK3363	WYK3364	WYK3366	WYK3367	WYK3369	WYK3371	WYK3372	WYK3373	WYK3374	WYK3375	WYK3376	WYK3377	WYK3379	WYK3381	WYK3382	WYK3383	WYK3384	WYK3385
VGLL1	0	6.217269863	3.839265116	4.295927796	0	5.008163057	0	6.62875797	0	2.605571844	0	4.61493324	6.15948819	6.76567123	6.050718203	0	4.550306574	3.336060023	4.840294335	0	0	4.779803415	2.474789834	4.450056243	5.820277136	0	0	6.364840929	5.326606319	6.146261972	1.648942226	3.313088672	5.934541866	4.02441302	4.666786202	6.734087893	5.05946088	0	4.525470111	0	3.812347022	3.261166311	0	2.545386077	3.513074807	6.378723254	1.823358096	3.433799013	2.618367759	0	0	4.70817077
SLC27A2	3.873572014	2.695495596	0	0	2.85836219	4.247120179	6.9915378	6.88936054	2.060297242	5.974612939	5.338259669	3.631777025	5.817058843	5.909815667	4.802290245	4.157843885	4.912936091	4.336841086	4.13651852	0	0	4.9265451	3.409291321	4.692514461	2.691398951	4.389016608	5.864550318	4.546391403	4.303762675	3.807357214	0.918397757	3.977207854	7.476875333	4.793263456	4.010220887	4.991880068	4.591236618	0	4.525470111	1.964960519	2.157643387	1.90613048	2.258953584	3.045524235	4.225614555	4.368308993	3.543986798	3.521375278	3.060677277	1.531479842	5.140277734	4.515481632
GATA3	10.14863279	8.574240518	7.041226761	7.719261237	5.965257266	9.905738692	9.215245679	10.62102019	3.932462825	6.558410427	4.306574036	8.799072336	9.331792464	8.845688202	9.001233431	6.252617893	7.981599048	8.741874934	8.670322346	6.137691002	8.137976366	8.100804003	6.178359847	7.69351128	7.384193042	7.447764887	6.759839235	10.33740333	7.783264025	8.196305988	6.511713612	7.401320216	10.17253661	9.786300344	8.2173772	7.891424133	9.785355214	6.478787343	8.737828201	5.140264887	6.979103274	4.932687964	6.733867362	7.627394025	8.853185291	7.974483077	7.565267941	7.630377699	5.751523257	5.404689741	6.935527539	8.472562489
PDGFC	3.97729397	6.060331725	6.128996662	6.367409453	7.047562746	6.767339946	8.568922193	7.691490541	5.45301543	5.381650779	4.703268782	6.897618071	7.564416232	8.834741021	6.34164945	5.280012177	5.787499764	5.729641812	7.394567378	6.071035478	10.18936427	7.713019766	7.294753283	6.686524731	7.204510056	6.58653315	8.99215735	6.395828595	6.87242181	6.464110546	4.447999198	8.103171388	8.627129914	8.01531896	6.052492973	4.163579556	5.450997117	6.861999371	6.689911896	6.631626465	5.437665209	6.388607087	6.024103481	6.354539575	5.988690323	5.667482844	7.231658542	6.801861473	8.18524149	6.228403437	7.336005689	6.615287519
MSN	6.364554826	9.444343743	9.650005814	9.011246866	9.742259728	9.144317246	9.215245679	9.923020474	10.34821106	9.028868897	8.817918522	9.618173071	10.06379637	9.838650256	8.764058725	9.446767227	8.446412605	8.51350229	9.878029398	9.343241644	10.42851369	9.861712588	9.248738477	8.748696454	9.116678081	9.95702211	10.33254669	8.327747098	9.009535812	7.921418385	8.441167549	9.247814732	8.417484454	9.261698271	8.534621085	7.225574812	8.769909632	9.697509714	9.336866633	9.519015598	8.515014507	9.233932181	10.16197646	8.819887444	8.355632103	8.46053917	9.385361011	8.796526228	9.681738829	9.910263006	9.485238602	8.577873944
UPK2	8.124471373	2.695495596	0	5.071457159	3.513473034	7.573556583	6.262110717	6.051066479	0	3.685726733	0	0	4.096763301	8.801392075	3.807100967	2.299815741	8.19275906	6.750256684	5.260137552	1.867581868	0	3.97322096	0	7.581762913	2.881526348	3.966381783	0	9.282621545	9.035542158	6.50598408	1.475100551	3.657707707	6.011302346	5.144224608	8.204076222	9.478148671	6.885767718	0	7.558735907	2.421164124	7.23513943	5.637420111	0	4.571509206	6.723666616	8.208484793	2.016798692	6.311980705	3.586820357	0	2.973345026	5.666092154
GPD1L	9.215008598	5.376271044	5.914178126	6.407565966	7.643995563	7.618271648	7.128010286	7.143717861	6.138298785	5.831613723	5.977309955	5.276069216	5.76458491	6.33964128	4.705329196	5.744889719	6.925065175	7.746939208	5.454580655	5.103496484	0	6.219725187	5.322058144	7.042856171	5.207151575	5.400338103	5.45774298	6.356988886	6.784473739	6.337305758	4.338019723	5.990329098	4.608571162	5.71552423	6.840794389	8.394027338	7.320521944	4.814291623	7.334736291	5.81933061	7.222332584	7.179190512	4.898944078	7.107112368	5.772045214	6.596574952	5.464788525	6.779832294	6.535983351	3.480674723	5.969978259	6.58160245
SCNN1G	2.564797083	4.985294146	0	3.905167073	0	7.315660968	0	5.734567693	1.181604403	0	3.462106513	0	0	5.160981238	0	0	3.630238341	3.921543279	0	0	0	0	2.336946787	3.762523327	0	2.319155918	0	5.700340382	2.343701497	4.992252891	3.567811202	3.313088672	0	0	4.356425444	4.257738354	6.238640459	0	4.336713646	2.068472095	4.829267976	2.976374979	1.96814517	2.687586771	2.805211363	5.465392327	0	3.603938251	0	4.507442926	3.294504266	3.007036951
TUBB6	5.253555726	7.730922737	8.216839125	8.867494034	9.418996943	7.954510541	6.9915378	9.309402991	6.976437613	6.706281637	6.308966655	7.847621474	8.613480787	8.647247621	6.922468726	7.428517803	7.547961993	8.097785075	9.673443461	9.764770376	9.834866047	8.455314302	8.750024263	7.564446034	8.632290419	8.349691383	9.27930331	7.410183281	8.287291902	6.817625704	6.740277234	8.142494562	8.121064126	8.46057964	7.756452574	5.664068891	7.245624185	8.363898146	8.181003849	8.415112878	7.443712001	8.421162603	8.4664706	8.561986861	8.439187287	7.214698699	8.855196435	8.009292322	9.107931466	9.1231146	7.670084572	7.735922072
CYP2J2	3.284044947	0	4.165426098	4.113737113	2.85836219	5.254670849	0	5.545788222	1.370365814	3.945912894	2.428659951	3.358828102	6.097197793	5.294814272	3.242375635	2.986340922	5.228478779	5.059614685	4.530902055	4.249034799	0	4.779803415	0	5.164212391	3.460597116	3.69724058	0	7.06938457	7.441481874	7.707361588	3.692226568	2.193950483	0	4.459460972	3.960463096	5.795455834	4.326342867	0	4.560429062	0	4.657238677	1.90613048	4.884790641	3.388701798	4.838158936	5.29276742	3.019579555	3.719547292	3.398724506	3.385998427	3.557025875	4.197424634
ALOX5AP	3.437418927	7.185994684	6.441783294	6.876730867	5.517445693	5.748697913	0	6.186590631	4.771726871	4.72419376	4.835728995	7.029309152	6.179667998	6.067752208	6.933213551	6.115259522	6.654848492	5.898072104	5.454580655	7.048765049	6.731449594	6.037937872	6.712056031	6.621029443	6.324832586	7.037306644	6.759839235	5.772952994	5.849420392	5.556344238	4.45971726	6.483739681	5.474100657	6.56296662	5.911221045	4.600887027	5.90488702	6.196919243	6.74413447	6.083053018	5.922445532	6.094375568	7.104369913	5.689122641	5.314777625	6.045488003	6.910911109	5.664133821	6.558638897	6.911189988	7.003154961	6.192804572
PALLD	7.187550263	9.655049629	9.452330485	9.894487633	11.32199435	10.46655017	6.481815332	10.05286922	9.493997561	7.340446738	8.571840526	9.720373221	9.52359388	10.00900896	8.621864174	8.906054027	10.03230982	10.35775627	9.854526071	9.508728648	9.354220247	10.42161877	9.536393037	9.791419901	9.726569269	8.644001026	8.937038386	10.07499086	10.0006929	9.010670426	7.707949407	10.3691817	7.654900326	8.697945994	10.08105906	7.974364629	9.138520183	9.23344265	10.37678204	10.20247869	9.928242447	11.11591693	9.174914416	11.07304096	9.204729681	9.784316691	9.313490359	9.618714503	10.11906179	9.453915165	8.318319366	9.503883357
EMP3	4.074056435	5.801614626	6.359115833	6.726091178	6.826986769	6.487800834	0	5.734567693	6.790602509	5.831613723	4.703268782	6.526166356	5.501514033	6.33964128	6.601715997	6.777636196	6.182755972	6.18540183	5.88405954	5.810017498	6.320930704	5.829896511	6.313132495	5.712305305	6.332997355	6.417236502	6.993895756	5.21856026	5.879697706	5.166488317	3.895713216	6.215273224	0	5.662132043	5.314185449	4.23476849	5.663199182	5.322162306	6.018629492	5.758718104	5.782885161	6.079796227	4.735050881	6.540969459	5.196812582	5.851644076	6.231508635	6.559626432	6.535983351	5.111118671	6.099220001	6.100679104
MT1X	7.549122157	8.306148867	8.870885838	8.747468369	9.574956287	8.636499353	11.87777949	9.633844064	6.976437613	9.221461401	8.465947196	8.577603896	10.57782934	9.782787116	7.813658023	8.04134662	8.36378649	7.364326024	11.7190149	10.12863108	11.64899487	10.37445124	8.798426033	7.750133107	8.627319592	9.216514936	11.64415616	7.779704913	8.31894129	7.792002527	7.625820844	9.807009669	11.73561001	11.45306749	7.769755061	4.175691004	7.551282596	9.867787307	10.03227099	9.491342052	6.198349616	8.162144921	10.4899486	6.417129983	7.778014363	7.088339661	8.929199449	7.488178002	9.283103375	10.56337266	10.94033691	7.911887805
GDPD3	2.27026395	3.115843555	4.431275544	3.661264182	3.513473034	5.811661194	0	5.206263188	2.264496411	5.193940793	2.250250731	3.788711943	4.179257651	7.687811889	4.429899969	2.489648327	3.420705892	5.458278264	3.591997506	3.322980036	4.986443763	5.829896511	2.336946787	4.352539659	3.336139249	3.166844476	4.767989663	6.051180748	6.345145356	5.374545129	2.704450067	3.313088672	7.037261367	4.02441302	5.197327377	5.480983492	5.008594935	0	5.258605009	2.7672396	4.479212349	4.128305652	2.889049955	3.49569416	3.051667156	5.474402859	3.828124636	4.189471897	3.672405809	2.576137065	3.971422121	2.176181762
CD14	5.211632544	8.330902936	8.169108108	8.78606003	7.636460305	8.168073545	9.660011953	9.177314077	8.477507201	6.670710324	5.903759728	8.756940301	8.797760036	9.782787116	8.5468908	8.106832016	6.888843676	7.702118386	9.260621348	9.121023261	11.70313409	8.798029963	8.657138231	7.960026275	7.809801745	9.561957994	10.31373751	6.846379716	8.505253216	7.452861419	6.835544156	9.06607355	9.010420188	8.866747628	6.675871726	7.076904379	6.545634866	8.553827136	7.985857547	7.706860982	6.328340151	7.488817109	8.356667901	7.528484426	7.524139259	7.523331411	9.037727255	7.874429062	9.539501181	8.081695712	9.219845688	7.777840544
SCNN1B	2.564797083	4.649739343	3.711806082	4.295927796	2.85836219	7.214443843	6.481815332	5.643263528	2.602446337	3.109275379	4.260176267	0	4.257288963	5.530157166	0	1.914505653	3.778386358	5.569950347	4.530902055	2.771515703	0	4.779803415	2.474789834	5.141036057	3.12666604	3.055844001	0	6.364840929	4.445446583	5.196024839	4.754269724	2.451398022	5.474100657	0	6.2062794	6.399109156	5.932438277	0	3.747111087	3.190813406	5.689196583	3.8476583	3.099780574	3.797052659	4.824964265	6.588298149	2.016798692	4.412027461	2.618367759	4.792223517	3.779051901	3.466742043
TMEM97	8.617278339	4.585359362	0	5.071457159	3.222787229	6.428773654	6.9915378	5.978210609	4.868856037	5.439159612	5.565122331	3.788711943	4.331315464	4.849099103	4.992377076	4.041328365	7.039628877	6.070741332	4.530902055	3.244499446	0	4.9265451	3.77225607	5.306411067	3.399709852	3.966381783	4.145857236	6.62233695	4.903994391	7.238953046	5.228457737	4.337616321	4.957939555	4.328500161	6.888137683	5.698054311	7.74629634	4.337753285	6.697783869	2.7672396	6.581977049	4.338864591	4.781626876	5.515643113	5.144663808	6.863309838	3.019579555	4.73872651	3.829703031	4.932821624	4.614585437	4.665933374
RNF128	6.688718464	3.822386535	3.243665744	4.113737113	2.369590415	6.116023842	6.262110717	6.120419332	2.525087493	2.605571844	2.860517654	0	6.15948819	4.849099103	2.687246378	2.299815741	6.234988998	5.185184996	5.625902572	2.389216189	5.173388865	4.616428305	2.474789834	5.306411067	3.460597116	3.769377346	4.328278922	6.686400227	3.853088387	5.899316187	2.297504408	3.848835796	5.853466595	4.97939001	4.785845685	3.775129889	5.932438277	4.120520638	4.560429062	2.7672396	5.572946772	2.538300587	5.599203385	4.288675979	4.939584754	5.509892551	3.412558299	4.958617996	3.398724506	5.330363319	0	4.515481632
TRAK1	7.796054541	6.106939888	5.516659916	6.557868621	6.759216512	7.014848196	6.002830845	5.734567693	5.95135157	5.521340431	6.226904466	5.541735232	5.331561677	5.294814272	5.768223625	5.655225586	7.421254446	6.854761093	5.408371155	5.6966816	0	5.753302368	4.948875524	6.114510103	5.539002273	5.812512482	4.889101276	7.402574823	6.143641723	6.591818614	5.006770541	5.441611498	5.676217454	5.48896568	6.738717723	7.714899825	6.34497913	4.755118822	5.787348276	5.687339331	6.755571087	5.695950896	5.225278585	6.584041755	6.212907286	6.978625415	5.044040173	6.176905008	5.237189328	5.880353159	5.55510126	6.137207917
SLC9A2	4.930751845	5.034348808	4.966110395	5.258729045	4.378354418	5.613875042	7.665351919	5.734567693	2.443344387	4.357382163	3.377698227	4.17741303	4.653342049	6.811060522	4.188186599	2.0811648	4.42099848	6.215153598	5.260137552	3.468189138	6.845882043	5.902628384	3.476486254	4.247950668	3.575165774	4.294390935	5.741268686	4.600598318	5.188301558	4.813233869	2.581130556	3.60568946	6.401853123	5.220078407	5.428396531	6.474578624	4.326342867	4.120520638	4.452903396	2.994516094	3.784737546	3.361008012	3.557875193	3.416202916	4.377938956	4.532610072	3.543986798	4.663722828	4.525500534	3.757737651	5.292195241	3.399593123
TOX3	2.917550854	3.115843555	4.5846841	4.603091287	2.85836219	5.208624206	7.83448706	6.051066479	1.686839151	3.368060487	5.710244991	3.021899296	4.009264247	5.634840652	2.301437685	2.0811648	6.114687529	6.144753651	4.693876167	2.9796469	6.397983105	5.586716742	3.186602827	5.187022285	2.881526348	4.084200903	4.767989663	6.812330287	3.893217817	3.952868333	2.13160837	2.451398022	5.767562412	6.273614057	3.229018479	2.544626967	5.848153976	3.061611987	3.060649284	2.421164124	3.440017967	2.35671771	1.856540695	3.619158789	4.499186983	4.664435737	3.34206318	3.603938251	3.586820357	2.107332582	4.614585437	3.735354699
FBP1	8.081473724	6.195868558	4.966110395	6.099718227	7.156943564	6.408548766	8.417341151	7.176652834	4.631128557	4.72419376	4.518513458	5.222033454	5.179531229	6.210092285	5.416604067	4.965206505	8.465667401	6.630244195	6.1598501	6.395491477	5.487298969	6.817158941	5.040543599	6.783256346	3.916804892	8.691190401	5.377210524	6.959596485	6.553568725	4.923287421	3.946566611	5.199894854	6.708887176	5.864779151	5.567844393	6.491634289	6.987776447	5.078441938	7.483317394	4.180602945	5.099592301	5.157602099	4.856060276	5.869057441	7.578221121	6.596574952	5.763407364	6.766451497	5.540107299	5.01947588	6.751136591	6.255861456
TBX2	7.66627181	6.23835833	6.052138919	7.954294846	6.534415978	9.159524978	0	6.368636367	6.002193324	4.769737685	5.506703074	5.427000502	5.791060437	8.696454378	6.281255765	5.182515072	7.576076276	7.829405449	6.131684449	5.474012462	5.173388865	7.210013793	5.732639722	7.417876813	5.660766097	5.611314609	5.201259066	7.660364324	7.174689717	6.262500025	5.084513273	5.818167646	5.105293369	5.144224608	6.544135666	6.424706818	7.013803165	4.842992104	6.11584175	5.612244362	6.969938527	6.985524706	4.550124107	7.331323358	7.233425643	9.157218739	5.928875904	7.233249047	6.260016503	4.690251719	5.802927407	6.236751226
CDK6	4.290886393	7.443750003	6.715403363	6.661136538	6.20826399	5.780523013	10.51719332	9.201520091	4.959856449	6.992207073	4.595277315	6.492326268	7.313598183	8.431695611	6.56534074	6.617290199	4.896814088	4.715532894	7.664059786	6.126793422	10.69976743	7.954525562	6.640611755	5.164212391	7.376313707	6.946874883	9.48544458	5.960816819	5.581181943	6.084431213	4.864160238	6.35574222	8.300007024	8.436931448	5.606101117	3.940414598	5.469922631	6.745218021	6.271635164	5.054615138	4.672384392	5.315270937	7.029152669	5.332917427	5.909648746	5.119798974	6.77703716	5.927236714	7.179266056	6.295056381	7.412617308	5.499714362
CAPN5	3.437418927	2.920924959	4.849824137	5.343973566	4.915310908	6.428773654	9.682352331	6.120419332	4.649471135	3.244462656	4.867027339	4.233113797	5.86769098	9.794134133	3.195543423	3.288532727	5.487240491	4.922063847	6.819782061	4.249034799	7.426657886	6.526313809	5.46126427	6.329660327	3.872679701	4.950842195	6.359749554	5.886399235	6.7951032	3.510964171	2.956821436	5.199894854	8.820842911	6.944676019	4.343543197	7.463977268	5.543235597	4.871132746	5.400417217	3.982811365	4.895303586	4.948823643	2.424645713	5.098402636	6.217963348	5.561541977	4.952364919	6.255632277	6.300903565	2.929389078	6.900486654	5.365395887
MT2A	6.84085106	10.48801463	10.06785161	9.894487633	10.28810611	9.01316992	10.73588937	10.52197718	8.248501857	8.838957146	8.978784242	9.980480458	9.966971889	10.32675559	9.49748591	9.887423654	10.03599488	8.622983922	12.34236366	11.52213364	12.2816121	10.60443127	10.10553162	9.081032215	10.20762932	10.35445509	11.67396015	9.018391949	9.723753208	8.788744096	8.451474567	10.03369023	10.42487789	11.45503097	8.904415997	7.015898195	8.558525465	9.017532328	10.1602791	10.13030052	7.467784642	8.805918023	11.04842711	8.180153787	9.048889878	8.532406202	10.53260953	9.192246708	11.07044571	11.28605034	10.71350749	9.146936931
CYP4B1	4.1647349	2.695495596	6.359115833	4.457668901	5.343246745	5.008163057	7.665351919	5.643263528	3.478494437	5.8099771	2.428659951	3.143164491	5.987003382	4.450650965	2.468328933	2.365907847	7.263600568	7.113611778	5.454580655	0	0	5.059729517	5.340211388	6.591412957	2.586030909	5.257152021	0	4.844731868	5.035318569	4.206109672	4.312397985	0	6.343670167	4.328500161	7.590545099	9.186135119	7.533401297	4.561476473	6.21790541	2.7672396	7.121097	3.311950682	4.532075137	5.637481882	6.428889212	5.410114341	3.019579555	7.268480877	4.698684288	3.212934527	7.149618332	3.364809073
PLEKHG6	3.018264853	5.652482576	3.243665744	5.258729045	2.369590415	5.008163057	0	5.072662189	0	3.685726733	0	3.143164491	6.179667998	6.140676991	4.52766992	1.38722113	4.39827376	4.506852846	5.499355885	2.9796469	0	4.616428305	3.476486254	3.987083843	5.539002273	3.055844001	5.864550318	5.807933245	5.39807447	5.578941129	3.651935267	3.027000728	7.037261367	5.292142407	2.519649967	6.367780119	5.15610941	3.407392956	5.711614985	3.814354659	3.668691588	2.538300587	2.889049955	3.52124685	4.798207281	4.288815352	3.72108741	4.58460494	3.294601714	3.249248049	5.396478159	4.051947588
PRRX1	4.02648629	6.937889652	7.531092525	8.519104328	7.673749087	7.410240036	7.47372174	8.341027114	9.298645084	5.852930643	5.565122331	8.137611394	9.519641251	9.736484959	7.444598507	6.235041644	7.009957021	7.220158951	8.130473396	7.554848314	11.04042146	9.121215834	8.719144001	8.282119921	7.612635633	7.868967133	9.682633188	7.25405777	7.848501934	6.962154818	5.843656213	9.122692362	8.799357723	7.569886198	7.02755703	5.908631201	6.238640459	8.24527535	8.144029355	8.088711331	6.748442343	7.443984177	6.601657451	6.898700465	7.478522543	6.893854076	8.708801752	7.312111835	9.243450378	7.506286679	8.309441798	7.606050555
GLIPR1	5.054493254	7.3206211	7.054423089	7.252406682	6.773027637	6.65164277	6.002830845	5.643263528	7.48538328	5.193940793	5.977309955	7.07575084	6.097197793	5.160981238	7.157486609	7.154746984	7.334141506	7.108336418	5.849889815	6.922124915	5.744963183	6.779030534	7.198529679	7.328378653	7.311680146	6.701623553	5.201259066	6.628872817	6.323280772	6.183602372	6.430677446	6.691402967	0	5.220078407	6.560927921	5.702246744	6.147539057	6.019706377	6.48682128	6.71374974	6.891213126	7.409420826	6.963329873	7.090138318	5.952746881	6.883744347	6.47331264	6.98245569	6.591968792	6.919664308	5.292195241	6.881415169
BHMT	7.594685106	0	0	0	2.369590415	6.140756154	0	4.761411922	0	0	4.835728995	0	0	4.663587123	0	0	6.65963376	0	4.13651852	0	0	4.779803415	0	1.716224036	0	0	0	4.401232173	3.059504058	0	0	0	0	0	1.496173131	0	5.543235597	0	2.605007785	0	1.974258107	2.35671771	0	3.469680715	5.852275028	3.560169825	0	2.680406573	0	0	0	0
HMGCS2	3.873572014	0	0	6.147926436	3.962345765	4.643038088	9.152617796	4.925414556	0	0	2.730418858	0	0	0	0	1.726048697	8.037816005	0	6.414850454	0	0	0	0	7.294645034	2.472356619	5.650045127	0	8.472856991	4.303762675	5.64468277	1.277404074	4.017579814	4.957939555	8.338260563	3.926311513	0	7.991935555	0	6.440657091	0	6.224274267	1.767452111	0	5.893722776	7.31118635	8.094763008	3.664435545	5.683248051	4.100642379	1.531479842	2.973345026	4.607621637
PPFIBP2	6.535722224	3.822386535	0	4.603091287	4.143375106	4.837120848	6.002830845	3.813646834	3.34980325	3.864289036	2.860517654	3.930238093	3.178710339	0	4.280834954	4.000300535	5.476432686	5.244096033	3.748567578	3.720972188	0	0	4.303195695	5.501008009	3.731578386	4.751549969	0	6.90140164	4.113044728	3.362572307	4.232683925	3.803374792	0	0	5.545519128	5.602597135	5.331913731	4.120520638	4.560429062	3.843832427	5.437665209	4.646463182	3.407588923	5.689122641	5.286178263	6.592442486	2.477747809	5.625128431	4.037527049	4.26297151	3.779051901	4.450614281
FAM174B	8.356181593	5.96233943	4.966110395	6.049843267	3.75529693	6.188984037	6.672441265	8.171658147	4.649471135	3.109275379	6.829464704	5.427000502	6.594739688	5.823851811	5.58957927	4.533486684	6.524510743	5.081316818	6.837328313	4.032575563	0	5.495607259	4.772946482	6.637684119	5.647733303	5.630809834	5.00082851	6.969929708	6.98347046	3.728700261	2.743320343	6.116504409	7.530020067	6.647815901	7.379577119	7.81023679	6.32432921	5.548135488	5.954367891	4.414686347	5.419826978	4.410523094	4.317029723	5.917973494	7.116457953	6.284529659	5.591743595	5.819061254	5.67063547	3.353006748	7.217626966	6.046836485
PRKCDBP	5.146371106	7.461793762	7.339561291	8.491346725	7.673749087	7.776571402	7.367430735	8.744006275	7.268152567	5.193940793	6.177827114	7.641790901	8.113131758	8.310500892	7.375373803	6.967876826	6.743160603	6.904305155	7.508472483	6.629656117	8.690929761	8.560207506	7.773550322	6.884412831	7.419127016	7.136109909	7.753167574	7.25405777	7.372183723	7.008671166	5.878994564	7.983435226	6.613622656	6.503494799	6.938267202	5.110189792	6.864470975	7.187052582	7.262268102	7.670306492	6.693823477	7.566687303	6.460876258	7.966584087	7.230926777	7.58078192	7.874008077	7.482733425	8.13336195	6.387560168	7.35338553	7.219873649
FAP	2.809274847	6.217269863	5.970955132	6.627528575	4.448882429	4.497436387	0	4.114907355	3.705839108	3.777768704	3.757611885	6.145660051	6.238567158	0	5.95554975	4.996838336	4.668972186	4.897807479	4.245672107	6.082360797	0	4.779803415	6.237667524	6.120447129	5.942708961	4.640528938	4.490202005	6.267672355	5.556404119	6.79367542	4.550185319	6.533312605	0	0	5.958457521	5.27687248	4.1020887	4.296845	3.155160397	6.218620602	4.595013876	5.695950896	4.912960012	4.654677088	4.656430363	5.240908338	5.464788525	5.564568794	6.03615274	7.165115201	4.363281331	6.307145645
UPK1A	12.1215635	3.706097039	0	5.707846848	5.786159069	11.14622587	8.87076605	7.388277188	2.166006611	2.605571844	0	0	4.331315464	12.20572801	0	2.854425373	9.151750128	4.848035872	8.553099554	2.771515703	0	4.616428305	2.184528612	4.372577429	3.780161764	4.601538609	3.936984277	6.868640925	6.768381247	7.097432658	1.167371503	3.60568946	5.238981762	7.246231318	9.471451218	8.52286864	8.509061769	0	9.789602178	4.333891199	8.428454227	6.41788223	1.96814517	6.473849477	8.833554704	7.472520241	3.605467821	8.026233129	7.080962995	2.576137065	3.431728105	5.967912572
RAB15	8.90227841	5.376271044	4.510017944	5.642046437	4.448882429	6.544507573	6.840793864	5.441246715	4.899831683	4.52611579	5.382249867	4.983046302	6.777973745	5.823851811	4.449991212	3.538257994	6.387000412	5.5852206	5.950062923	3.777806836	6.320930704	4.9265451	4.825438554	6.120447129	5.037666357	5.125916108	5.29191552	6.69265283	7.02920831	7.600977274	5.295379539	6.35574222	6.563522647	5.71552423	5.991865202	6.404265151	5.758638473	5.054099857	5.258605009	5.670986102	4.920894117	4.210907632	5.214001597	4.888632371	5.785730529	6.021098272	4.480778027	6.02036752	5.56269868	4.59470207	5.900739278	7.444704701
PPARG	7.911850746	6.279632426	4.723336531	6.367409453	5.517445693	7.527411161	7.91215687	7.547835096	4.323682323	3.368060487	3.288042851	4.119475058	7.525525787	8.013203195	4.9647141	3.892316298	5.975780283	5.44159535	7.23162334	3.832487099	4.771616447	6.381148402	3.924397273	5.22057486	4.001201903	4.47781601	5.00082851	7.840097337	5.91910369	6.255503169	2.889105265	4.702046203	7.503692398	7.448991577	5.20446974	5.853153019	7.076887017	2.851684411	5.887109916	4.109570608	5.175969055	3.454385137	3.661132804	4.711277892	6.38909918	6.571600712	5.044040173	5.982290896	5.540107299	2.517793538	5.876900956	6.227100339
CHST15	3.018264853	5.772996044	5.855074807	5.944602215	5.67285885	4.7752829	0	5.734567693	4.555333215	5.016393047	4.518513458	6.602170078	5.257548138	6.400299399	5.135711956	4.807664044	5.266618268	4.922063847	5.584941412	6.525640186	6.320930704	6.275564001	5.786591553	5.175662417	6.691585088	5.812512482	5.922453225	5.165601953	5.593413079	4.370565219	3.963127055	6.078843188	4.396001327	6.162650523	5.190149478	4.517695016	5.372710155	4.925819002	5.598430117	5.912698054	6.701226577	5.637420111	6.081076036	4.818223946	4.515705315	5.037075063	6.109491655	5.574840253	5.918469748	6.595785151	5.751416766	5.651735273
SEMA5A	3.576043118	3.440948568	4.849824137	3.905167073	4.516122688	6.448718929	0	6.186590631	6.752927047	3.244462656	5.85775971	4.810698866	6.032096081	6.670370025	6.352363576	5.787715081	6.540164742	6.373055274	4.441947166	3.777806836	0	5.495607259	5.410622899	5.44533439	3.681301755	4.601538609	4.328278922	7.469648197	6.247908727	5.806621089	2.956821436	5.456372557	6.79824892	5.064160169	5.307567318	6.623485504	6.954568547	3.244837243	4.75406559	4.034858998	5.489893525	5.617369991	3.326135705	5.965285245	5.144663808	6.70006323	4.749438194	5.966774333	5.883004232	3.625847073	4.141133308	6.320821542
SPINK1	3.284044947	0	3.711806082	7.67058769	4.516122688	9.579219005	9.152617796	8.77659713	1.370365814	5.016393047	0	0	0	11.54515198	2.617900422	3.145334667	10.54314405	2.820817031	8.814608096	2.063173293	0	5.971868871	2.600603591	9.815407709	4.72667728	7.881227946	0	11.08059359	10.24219072	7.681491881	0.918397757	5.199894854	6.708887176	8.623080782	6.822342157	1.835263868	10.1945422	3.553473395	8.85861557	1.600657089	8.478858981	6.507759929	2.642185308	8.460799275	9.834855303	11.5521845	5.02166169	7.252572987	5.731722494	0	0	7.033117444
FAM59A	4.73748088	5.743798248	5.855074807	6.239763698	7.510214755	6.814218389	0	6.051066479	5.638917272	4.357382163	5.222031727	6.008742793	5.594637114	6.276320425	4.950681126	5.135922088	6.387000412	6.659393727	6.292976961	6.159242281	5.173388865	6.658198656	5.410622899	6.195484201	5.634581701	4.601538609	5.606459641	6.534561054	5.994826582	5.797015401	4.516921046	6.266426673	0	5.220078407	6.282503428	5.045663272	5.450997117	4.952403931	6.363577006	6.311222365	6.161254195	7.098318752	5.384639276	7.262915441	5.557469307	6.027234469	5.576471869	5.775195572	6.03615274	5.914673205	4.777952156	5.847103179
AHNAK2	2.096873032	4.649739343	5.761615952	5.888955364	6.866171657	6.065249714	0	5.206263188	3.932462825	4.29644754	3.757611885	4.846854878	4.179257651	5.990944088	5.598606959	4.986371264	5.386925526	5.910249041	6.527225699	6.211752727	6.540742796	6.615562725	5.105663924	5.664344251	6.565591189	6.616177879	6.966632673	6.154451796	6.278531671	7.147425454	3.631359639	6.685150417	0	0	6.980485653	3.287274695	4.844261138	6.116919734	5.529528865	6.403195822	5.857668713	7.466574788	7.554527266	7.354608706	5.361218327	5.698574502	6.181916123	5.911113201	6.068085597	7.988102149	6.46169224	5.815251187
TMPRSS2	7.806654054	4.585359362	0	5.998182163	2.369590415	6.140756154	0	6.051066479	0	0	0	0	3.468416003	6.276320425	0	1.509221592	5.991048088	7.205411278	4.908283489	1.867581868	0	0	2.336946787	7.746298699	3.780161764	4.715483968	0	7.266685914	6.330605847	5.267324168	1.728590688	2.045659984	4.608571162	4.02441302	5.07796159	7.780805406	6.864470975	0	5.648029035	2.255569094	4.33437853	4.07048742	4.686920918	4.546838948	5.314777625	6.715345649	3.18981321	5.595166351	4.525500534	2.184372817	4.614585437	5.207493611
C10orf116	3.200775773	0	0	4.113737113	3.052050976	3.559934995	0	4.114907355	1.181604403	2.960098213	3.757611885	2.889498005	0	5.732439375	1.492422188	1.914505653	3.227977207	3.101318999	0	1.867581868	0	0	2.923153816	3.169946727	2.348953568	3.456281005	4.328278922	2.5657695	3.19409751	1.847998689	1.277404074	2.193950483	0	0	2.882304684	1.952530183	3.356403053	0	3.060649284	2.885348757	2.599230451	3.542084162	0	3.619158789	2.75043273	3.560169825	2.926284926	3.24087844	0	0	0	2.328363222
